22  8  9  7  8  9  9  7  8   8   8   9
21  8  9  7  8  9  9  7  8   9   7   8
20  14  11 11 12 11 12 13  12  13  14  14
19  15  14 15 14 15 14 15  15  14  14  15
18  16  15 14 16 17 16 15  16  15  16  15
17  17  16 18 18 16 17 17  17  18  17  17
16  18  17 17 16 18 18 17  18  17  18  18
15  20  19 19 20 19 20 19  20  20  20  20
14  22  20 21 22 21 20 22  21  21  22  20
13  25  23 24 24 23 24 23  25  23  24  23
12  30  28 30 29 30 29 29  31  31  30  29
11  40  37 40 39 38 40 39  40  41  39  41
10  56  54 56 55 56 55 55  56  56  55  55
9   76  74 75 74 74 76 76  75  74  74  74
8   95  92 93 94 93 92 94  92  93  94  93
7   117  116 115 119 117 117 116 118 117 118 115
6   138  137 137 139 139 137 136 137 137 137 137
5   155  154 153 154 156 157 155 154 153 157 157
4   177  176 178 177 177 176 177 176 178 178 177
3   197  195 198 196 198 199 198 198 196 195 197
2   214  212 213 215 215 214 212 215 213 215 216
1   236  234 236 238 235 236 235 234 234 235 234
0   249  249 249 249 249 249 249 249 249 249 249
